
5500
5000
5000
5500
6000
53000
5500
123000
55000
17500
18000
5000
111000
107500
184500
5000
5500
5500
4500
142500
6000
125500
5000
5000
5000
5500
55500
5500
5500
6000
5500
4500
80500
5500
5000
6000
5500
5000
5000
5000
5500
5000
5000
5000
5000
5000
5500
4500
5000
5500
4500
4500
5000
5000
5000
5000
5000
5000
6000
30500
87500
5000
5500
55000
97500
5000
5500
19500
6000
15000
6000
12500
11500
171000
6000
5500
5000
142500
5500
168500
5000
5000
5000
5000
5000
133000
11500
6000
117500
33500
165500
112500
